{
  "accessors": [
    {
      "bufferView": 2,
      "componentType": 5126,
      "count": 3264,
      "max": [
        1.624190092086792,
        5.330888271331787,
        0.9920731782913208
      ],
      "min": [
        -1.392188549041748,
        -0.021068096160888672,
        -0.6126028895378113
      ],
      "type": "VEC3"
    },
    {
      "bufferView": 2,
      "byteOffset": 39168,
      "componentType": 5126,
      "count": 3264,
      "max": [
        0.9997661709785461,
        0.9995747804641724,
        0.9997498989105225
      ],
      "min": [
        -0.9994170069694519,
        -0.999934732913971,
        -0.9992362260818481
      ],
      "type": "VEC3"
    },
    {
      "bufferView": 1,
      "componentType": 5126,
      "count": 3264,
      "max": [
        0.9843380451202393,
        0.987204372882843
      ],
      "min": [
        0.00801306962966919,
        0.003367871046066284
      ],
      "type": "VEC2"
    },
    {
      "bufferView": 1,
      "byteOffset": 26112,
      "componentType": 5126,
      "count": 3264,
      "max": [
        0.0,
        0.0
      ],
      "min": [
        0.0,
        0.0
      ],
      "type": "VEC2"
    },
    {
      "bufferView": 1,
      "byteOffset": 52224,
      "componentType": 5126,
      "count": 3264,
      "max": [
        0.0,
        0.0
      ],
      "min": [
        0.0,
        0.0
      ],
      "type": "VEC2"
    },
    {
      "bufferView": 0,
      "componentType": 5125,
      "count": 13422,
      "type": "SCALAR"
    },
    {
      "bufferView": 2,
      "byteOffset": 78336,
      "componentType": 5126,
      "count": 2518,
      "max": [
        1.6239490509033203,
        5.744669437408447,
        1.0167951583862305
      ],
      "min": [
        -1.4285005331039429,
        -0.024811986833810806,
        -0.6016097068786621
      ],
      "type": "VEC3"
    },
    {
      "bufferView": 2,
      "byteOffset": 108552,
      "componentType": 5126,
      "count": 2518,
      "max": [
        0.9993919134140015,
        0.9979708790779114,
        0.9992860555648804
      ],
      "min": [
        -0.9950706958770752,
        -0.999896228313446,
        -0.9997456073760986
      ],
      "type": "VEC3"
    },
    {
      "bufferView": 1,
      "byteOffset": 78336,
      "componentType": 5126,
      "count": 2518,
      "max": [
        0.9792788028717041,
        0.9823994636535645
      ],
      "min": [
        0.018006928265094757,
        0.015244461596012115
      ],
      "type": "VEC2"
    },
    {
      "bufferView": 1,
      "byteOffset": 98480,
      "componentType": 5126,
      "count": 2518,
      "max": [
        0.4959903359413147,
        0.6611418128013611
      ],
      "min": [
        0.0,
        0.0
      ],
      "type": "VEC2"
    },
    {
      "bufferView": 1,
      "byteOffset": 118624,
      "componentType": 5126,
      "count": 2518,
      "max": [
        0.0,
        0.0
      ],
      "min": [
        0.0,
        0.0
      ],
      "type": "VEC2"
    },
    {
      "bufferView": 0,
      "byteOffset": 53688,
      "componentType": 5125,
      "count": 9042,
      "type": "SCALAR"
    },
    {
      "bufferView": 2,
      "byteOffset": 138768,
      "componentType": 5126,
      "count": 278,
      "max": [
        0.5244606137275696,
        5.732292175292969,
        0.279885470867157
      ],
      "min": [
        -0.5244606137275696,
        5.198486328125,
        -0.5766963958740234
      ],
      "type": "VEC3"
    },
    {
      "bufferView": 2,
      "byteOffset": 142104,
      "componentType": 5126,
      "count": 278,
      "max": [
        0.9878823161125183,
        0.9946780204772949,
        0.9842899441719055
      ],
      "min": [
        -0.9878820776939392,
        -0.9660754799842834,
        -0.9960297346115112
      ],
      "type": "VEC3"
    },
    {
      "bufferView": 1,
      "byteOffset": 138768,
      "componentType": 5126,
      "count": 278,
      "max": [
        0.978982150554657,
        0.6759796142578125
      ],
      "min": [
        0.8714048266410828,
        0.4708305895328522
      ],
      "type": "VEC2"
    },
    {
      "bufferView": 1,
      "byteOffset": 140992,
      "componentType": 5126,
      "count": 278,
      "max": [
        0.0,
        0.0
      ],
      "min": [
        0.0,
        0.0
      ],
      "type": "VEC2"
    },
    {
      "bufferView": 1,
      "byteOffset": 143216,
      "componentType": 5126,
      "count": 278,
      "max": [
        0.0,
        0.0
      ],
      "min": [
        0.0,
        0.0
      ],
      "type": "VEC2"
    },
    {
      "bufferView": 0,
      "byteOffset": 89856,
      "componentType": 5125,
      "count": 876,
      "type": "SCALAR"
    },
    {
      "bufferView": 2,
      "byteOffset": 145440,
      "componentType": 5126,
      "count": 40,
      "max": [
        0.43242380023002625,
        5.614431381225586,
        -0.14175650477409363
      ],
      "min": [
        -0.43242383003234863,
        5.414726257324219,
        -0.34674200415611267
      ],
      "type": "VEC3"
    },
    {
      "bufferView": 2,
      "byteOffset": 145920,
      "componentType": 5126,
      "count": 40,
      "max": [
        0.7019837498664856,
        0.977122962474823,
        0.9132081866264343
      ],
      "min": [
        -0.7019837498664856,
        -0.9251331686973572,
        -0.9737743139266968
      ],
      "type": "VEC3"
    },
    {
      "bufferView": 1,
      "byteOffset": 145440,
      "componentType": 5126,
      "count": 40,
      "max": [
        0.682711124420166,
        0.4021713137626648
      ],
      "min": [
        0.6350192427635193,
        0.34833085536956787
      ],
      "type": "VEC2"
    },
    {
      "bufferView": 1,
      "byteOffset": 145760,
      "componentType": 5126,
      "count": 40,
      "max": [
        0.0,
        0.0
      ],
      "min": [
        0.0,
        0.0
      ],
      "type": "VEC2"
    },
    {
      "bufferView": 1,
      "byteOffset": 146080,
      "componentType": 5126,
      "count": 40,
      "max": [
        0.0,
        0.0
      ],
      "min": [
        0.0,
        0.0
      ],
      "type": "VEC2"
    },
    {
      "bufferView": 0,
      "byteOffset": 93360,
      "componentType": 5125,
      "count": 108,
      "type": "SCALAR"
    },
    {
      "bufferView": 2,
      "byteOffset": 146400,
      "componentType": 5126,
      "count": 68,
      "max": [
        0.06023304536938667,
        5.670453071594238,
        -0.4412551522254944
      ],
      "min": [
        -0.060232628136873245,
        5.5011749267578125,
        -0.5255191326141357
      ],
      "type": "VEC3"
    },
    {
      "bufferView": 2,
      "byteOffset": 147216,
      "componentType": 5126,
      "count": 68,
      "max": [
        0.9416977763175964,
        0.9999725818634033,
        0.892902135848999
      ],
      "min": [
        -0.9416881203651428,
        -0.9999736547470093,
        -0.9999747276306152
      ],
      "type": "VEC3"
    },
    {
      "bufferView": 1,
      "byteOffset": 146400,
      "componentType": 5126,
      "count": 68,
      "max": [
        0.6679269075393677,
        0.47393926978111267
      ],
      "min": [
        0.6023049354553223,
        0.4047430157661438
      ],
      "type": "VEC2"
    },
    {
      "bufferView": 1,
      "byteOffset": 146944,
      "componentType": 5126,
      "count": 68,
      "max": [
        0.0,
        0.0
      ],
      "min": [
        0.0,
        0.0
      ],
      "type": "VEC2"
    },
    {
      "bufferView": 1,
      "byteOffset": 147488,
      "componentType": 5126,
      "count": 68,
      "max": [
        0.0,
        0.0
      ],
      "min": [
        0.0,
        0.0
      ],
      "type": "VEC2"
    },
    {
      "bufferView": 0,
      "byteOffset": 93792,
      "componentType": 5125,
      "count": 264,
      "type": "SCALAR"
    },
    {
      "bufferView": 2,
      "byteOffset": 148032,
      "componentType": 5126,
      "count": 86,
      "max": [
        0.06255889683961868,
        5.222744464874268,
        0.5682412385940552
      ],
      "min": [
        -0.22102820873260498,
        5.105058193206787,
        0.42793864011764526
      ],
      "type": "VEC3"
    },
    {
      "bufferView": 2,
      "byteOffset": 149064,
      "componentType": 5126,
      "count": 86,
      "max": [
        0.9470829963684082,
        0.976706326007843,
        0.9561188817024231
      ],
      "min": [
        -0.9495808482170105,
        -0.9613994359970093,
        -0.9403469562530518
      ],
      "type": "VEC3"
    },
    {
      "bufferView": 1,
      "byteOffset": 148032,
      "componentType": 5126,
      "count": 86,
      "max": [
        0.9724308252334595,
        0.7511959671974182
      ],
      "min": [
        0.5671259164810181,
        0.3688758313655853
      ],
      "type": "VEC2"
    },
    {
      "bufferView": 1,
      "byteOffset": 148720,
      "componentType": 5126,
      "count": 86,
      "max": [
        0.0,
        0.0
      ],
      "min": [
        0.0,
        0.0
      ],
      "type": "VEC2"
    },
    {
      "bufferView": 1,
      "byteOffset": 149408,
      "componentType": 5126,
      "count": 86,
      "max": [
        0.0,
        0.0
      ],
      "min": [
        0.0,
        0.0
      ],
      "type": "VEC2"
    },
    {
      "bufferView": 0,
      "byteOffset": 94848,
      "componentType": 5125,
      "count": 264,
      "type": "SCALAR"
    },
    {
      "bufferView": 2,
      "byteOffset": 150096,
      "componentType": 5126,
      "count": 470,
      "max": [
        0.5662660598754883,
        4.210460662841797,
        0.43373775482177734
      ],
      "min": [
        0.3269978165626526,
        3.6439666748046875,
        -0.1321016252040863
      ],
      "type": "VEC3"
    },
    {
      "bufferView": 2,
      "byteOffset": 155736,
      "componentType": 5126,
      "count": 470,
      "max": [
        0.9681007266044617,
        0.9727176427841187,
        0.9865284562110901
      ],
      "min": [
        -0.9988462328910828,
        -0.9721185564994812,
        -0.9637404680252075
      ],
      "type": "VEC3"
    },
    {
      "bufferView": 1,
      "byteOffset": 150096,
      "componentType": 5126,
      "count": 470,
      "max": [
        0.8833737373352051,
        0.32354235649108887
      ],
      "min": [
        0.636876106262207,
        0.013087074272334576
      ],
      "type": "VEC2"
    },
    {
      "bufferView": 1,
      "byteOffset": 153856,
      "componentType": 5126,
      "count": 470,
      "max": [
        0.0,
        0.0
      ],
      "min": [
        0.0,
        0.0
      ],
      "type": "VEC2"
    },
    {
      "bufferView": 1,
      "byteOffset": 157616,
      "componentType": 5126,
      "count": 470,
      "max": [
        0.0,
        0.0
      ],
      "min": [
        0.0,
        0.0
      ],
      "type": "VEC2"
    },
    {
      "bufferView": 0,
      "byteOffset": 95904,
      "componentType": 5125,
      "count": 1014,
      "type": "SCALAR"
    },
    {
      "bufferView": 2,
      "byteOffset": 161376,
      "componentType": 5126,
      "count": 470,
      "max": [
        -0.326997846364975,
        4.210460662841797,
        0.43373775482177734
      ],
      "min": [
        -0.5662661790847778,
        3.6439666748046875,
        -0.1321016252040863
      ],
      "type": "VEC3"
    },
    {
      "bufferView": 2,
      "byteOffset": 167016,
      "componentType": 5126,
      "count": 470,
      "max": [
        0.9988463521003723,
        0.9727148413658142,
        0.9865283966064453
      ],
      "min": [
        -0.968100368976593,
        -0.9721189141273499,
        -0.9637430310249329
      ],
      "type": "VEC3"
    },
    {
      "bufferView": 1,
      "byteOffset": 161376,
      "componentType": 5126,
      "count": 470,
      "max": [
        0.8833737373352051,
        0.32354235649108887
      ],
      "min": [
        0.636876106262207,
        0.013087074272334576
      ],
      "type": "VEC2"
    },
    {
      "bufferView": 1,
      "byteOffset": 165136,
      "componentType": 5126,
      "count": 470,
      "max": [
        0.0,
        0.0
      ],
      "min": [
        0.0,
        0.0
      ],
      "type": "VEC2"
    },
    {
      "bufferView": 1,
      "byteOffset": 168896,
      "componentType": 5126,
      "count": 470,
      "max": [
        0.0,
        0.0
      ],
      "min": [
        0.0,
        0.0
      ],
      "type": "VEC2"
    },
    {
      "bufferView": 0,
      "byteOffset": 99960,
      "componentType": 5125,
      "count": 1014,
      "type": "SCALAR"
    },
    {
      "bufferView": 2,
      "byteOffset": 172656,
      "componentType": 5126,
      "count": 1037,
      "max": [
        0.3637944757938385,
        0.6593606472015381,
        0.9401766657829285
      ],
      "min": [
        -0.47043389081954956,
        -1.1790575981140137,
        -0.998649537563324
      ],
      "type": "VEC3"
    },
    {
      "bufferView": 2,
      "byteOffset": 185100,
      "componentType": 5126,
      "count": 1037,
      "max": [
        0.9960114359855652,
        0.9690123796463013,
        0.9951138496398926
      ],
      "min": [
        -0.993876039981842,
        -0.96622234582901,
        -0.9339770078659058
      ],
      "type": "VEC3"
    },
    {
      "bufferView": 1,
      "byteOffset": 172656,
      "componentType": 5126,
      "count": 1037,
      "max": [
        0.9467663168907166,
        0.9995924830436707
      ],
      "min": [
        0.0004074569733347744,
        0.0004074569733347744
      ],
      "type": "VEC2"
    },
    {
      "bufferView": 0,
      "byteOffset": 104016,
      "componentType": 5125,
      "count": 2676,
      "type": "SCALAR"
    }
  ],
  "asset": {
    "extras": {
      "author": "Ilya.Anchouz.Danilov (https://sketchfab.com/Ilya.Anchouz.Danilov)",
      "license": "CC-BY-4.0 (http://creativecommons.org/licenses/by/4.0/)",
      "source": "https://sketchfab.com/3d-models/cyber-assassin-girl-54d4cf1f06a843398271dddf25fd706a",
      "title": "Cyber Assassin girl"
    },
    "generator": "Sketchfab-12.29.0",
    "version": "2.0"
  },
  "bufferViews": [
    {
      "buffer": 0,
      "byteLength": 114720,
      "name": "floatBufferViews",
      "target": 34963
    },
    {
      "buffer": 0,
      "byteLength": 180952,
      "byteOffset": 114720,
      "byteStride": 8,
      "name": "floatBufferViews",
      "target": 34962
    },
    {
      "buffer": 0,
      "byteLength": 197544,
      "byteOffset": 295672,
      "byteStride": 12,
      "name": "floatBufferViews",
      "target": 34962
    }
  ],
  "buffers": [
    {
      "byteLength": 493216,
      "uri": "assassin.bin"
    }
  ],
  "extensionsRequired": [
    "KHR_materials_pbrSpecularGlossiness"
  ],
  "extensionsUsed": [
    "KHR_materials_pbrSpecularGlossiness"
  ],
  "images": [
    {
      "uri": "textures/Body_diffuse.png"
    },
    {
      "uri": "textures/Details_diffuse.png"
    },
    {
      "uri": "textures/Weapon_Material_diffuse.png"
    }
  ],
  "materials": [
    {
      "doubleSided": true,
      "extensions": {
        "KHR_materials_pbrSpecularGlossiness": {
          "diffuseFactor": [
            1.0,
            1.0,
            1.0,
            1.0
          ],
          "diffuseTexture": {
            "index": 0
          },
          "glossinessFactor": 1.0,
          "specularFactor": [
            0.0,
            0.0,
            0.0
          ]
        }
      },
      "name": "Body"
    },
    {
      "doubleSided": true,
      "extensions": {
        "KHR_materials_pbrSpecularGlossiness": {
          "diffuseFactor": [
            1.0,
            1.0,
            1.0,
            1.0
          ],
          "diffuseTexture": {
            "index": 1
          },
          "glossinessFactor": 0.5,
          "specularFactor": [
            0.0,
            0.0,
            0.0
          ]
        }
      },
      "name": "Details"
    },
    {
      "doubleSided": true,
      "extensions": {
        "KHR_materials_pbrSpecularGlossiness": {
          "diffuseFactor": [
            1.0,
            1.0,
            1.0,
            1.0
          ],
          "diffuseTexture": {
            "index": 2
          },
          "glossinessFactor": 0.5,
          "specularFactor": [
            0.0,
            0.0,
            0.0
          ]
        }
      },
      "name": "Weapon_Material"
    }
  ],
  "meshes": [
    {
      "name": "Object_0",
      "primitives": [
        {
          "attributes": {
            "NORMAL": 1,
            "POSITION": 0,
            "TEXCOORD_0": 2,
            "TEXCOORD_1": 3,
            "TEXCOORD_2": 4
          },
          "indices": 5,
          "material": 0,
          "mode": 4
        }
      ]
    },
    {
      "name": "Object_1",
      "primitives": [
        {
          "attributes": {
            "NORMAL": 7,
            "POSITION": 6,
            "TEXCOORD_0": 8,
            "TEXCOORD_1": 9,
            "TEXCOORD_2": 10
          },
          "indices": 11,
          "material": 1,
          "mode": 4
        }
      ]
    },
    {
      "name": "Object_2",
      "primitives": [
        {
          "attributes": {
            "NORMAL": 13,
            "POSITION": 12,
            "TEXCOORD_0": 14,
            "TEXCOORD_1": 15,
            "TEXCOORD_2": 16
          },
          "indices": 17,
          "material": 1,
          "mode": 4
        }
      ]
    },
    {
      "name": "Object_3",
      "primitives": [
        {
          "attributes": {
            "NORMAL": 19,
            "POSITION": 18,
            "TEXCOORD_0": 20,
            "TEXCOORD_1": 21,
            "TEXCOORD_2": 22
          },
          "indices": 23,
          "material": 1,
          "mode": 4
        }
      ]
    },
    {
      "name": "Object_4",
      "primitives": [
        {
          "attributes": {
            "NORMAL": 25,
            "POSITION": 24,
            "TEXCOORD_0": 26,
            "TEXCOORD_1": 27,
            "TEXCOORD_2": 28
          },
          "indices": 29,
          "material": 1,
          "mode": 4
        }
      ]
    },
    {
      "name": "Object_5",
      "primitives": [
        {
          "attributes": {
            "NORMAL": 31,
            "POSITION": 30,
            "TEXCOORD_0": 32,
            "TEXCOORD_1": 33,
            "TEXCOORD_2": 34
          },
          "indices": 35,
          "material": 1,
          "mode": 4
        }
      ]
    },
    {
      "name": "Object_6",
      "primitives": [
        {
          "attributes": {
            "NORMAL": 37,
            "POSITION": 36,
            "TEXCOORD_0": 38,
            "TEXCOORD_1": 39,
            "TEXCOORD_2": 40
          },
          "indices": 41,
          "material": 1,
          "mode": 4
        }
      ]
    },
    {
      "name": "Object_7",
      "primitives": [
        {
          "attributes": {
            "NORMAL": 43,
            "POSITION": 42,
            "TEXCOORD_0": 44,
            "TEXCOORD_1": 45,
            "TEXCOORD_2": 46
          },
          "indices": 47,
          "material": 1,
          "mode": 4
        }
      ]
    },
    {
      "name": "Object_8",
      "primitives": [
        {
          "attributes": {
            "NORMAL": 49,
            "POSITION": 48,
            "TEXCOORD_0": 50
          },
          "indices": 51,
          "material": 2,
          "mode": 4
        }
      ]
    }
  ],
  "nodes": [
    {
      "children": [
        1
      ],
      "matrix": [
        1.0,
        0.0,
        0.0,
        0.0,
        0.0,
        2.220446049250313e-16,
        -1.0,
        0.0,
        0.0,
        1.0,
        2.220446049250313e-16,
        0.0,
        0.0,
        0.0,
        0.0,
        1.0
      ],
      "name": "Sketchfab_model"
    },
    {
      "children": [
        2
      ],
      "name": "root"
    },
    {
      "children": [
        3,
        28
      ],
      "matrix": [
        1.0,
        0.0,
        0.0,
        0.0,
        0.0,
        2.220446049250313e-16,
        1.0,
        0.0,
        0.0,
        -1.0,
        2.220446049250313e-16,
        0.0,
        0.0,
        0.0,
        0.0,
        1.0
      ],
      "name": "GLTF_SceneRootNode"
    },
    {
      "children": [
        4,
        7
      ],
      "matrix": [
        0.9217036886508692,
        0.0,
        0.3878947155187623,
        0.0,
        -0.0,
        1.0,
        0.0,
        0.0,
        -0.3878947155187623,
        -0.0,
        0.9217036886508692,
        0.0,
        0.0,
        0.0,
        0.0,
        1.0
      ],
      "name": "metarig.002_83"
    },
    {
      "children": [
        5,
        6
      ],
      "name": "Body.001_3"
    },
    {
      "mesh": 0,
      "name": "Object_5"
    },
    {
      "mesh": 1,
      "name": "Object_6"
    },
    {
      "children": [
        8,
        22,
        25
      ],
      "matrix": [
        0.9887436803411555,
        -1.2395347169163543e-08,
        -0.14961850208734892,
        0.0,
        0.03735070810021094,
        0.9683387776960881,
        0.24682953025351875,
        0.0,
        0.14488142027926112,
        -0.2496395397966246,
        0.9574390185426922,
        0.0,
        7.631145160225117e-10,
        2.9754443168640137,
        -0.17474621534347534,
        1.0
      ],
      "name": "spine_70"
    },
    {
      "children": [
        9
      ],
      "matrix": [
        0.9953110221459185,
        -0.03043765944515523,
        0.09181240701750301,
        0.0,
        0.02042994485862794,
        0.9939372444547754,
        0.10803522507642986,
        0.0,
        -0.09454411022669429,
        -0.10565292788588028,
        0.9898985344312703,
        0.0,
        -1.862645149230957e-09,
        0.4818793535232544,
        -6.332993507385254e-08,
        1.0
      ],
      "name": "spine.001_59"
    },
    {
      "children": [
        10
      ],
      "matrix": [
        1.000000238418579,
        2.896366619320157e-09,
        2.5776225084322626e-09,
        0.0,
        -2.3537902434747564e-09,
        0.9817800219480228,
        -0.19002164856229725,
        0.0,
        -3.0810299081715953e-09,
        0.19002164856229725,
        0.9817800219480228,
        0.0,
        1.4901161193847656e-08,
        0.43254971504211426,
        -3.860829878021832e-09,
        1.0
      ],
      "name": "spine.002_58"
    },
    {
      "children": [
        11
      ],
      "matrix": [
        1.0,
        1.0613752288350741e-10,
        3.398080202113926e-10,
        0.0,
        -6.90062929975457e-11,
        0.9942090858008619,
        -0.10746243297882568,
        0.0,
        -3.4924608001163504e-10,
        0.10746245219460726,
        0.9942092635793106,
        0.0,
        1.4901161193847656e-08,
        0.2565537989139557,
        -2.5165057593312667e-08,
        1.0
      ],
      "name": "spine.003_57"
    },
    {
      "children": [
        12
      ],
      "matrix": [
        0.8962105426892435,
        0.08055978694988654,
        -0.4362529824424752,
        0.0,
        -0.10679684354980297,
        0.9936319522725374,
        -0.035909619794192243,
        0.0,
        0.43058221096183263,
        0.07877305422423576,
        0.8991073372795925,
        0.0,
        -0.0028405007906258106,
        0.5556745529174805,
        0.034314412623643875,
        1.0
      ],
      "name": "spine.004_10"
    },
    {
      "children": [
        13
      ],
      "matrix": [
        0.9863333636081272,
        -0.009559428250531837,
        -0.1644851105224856,
        0.0,
        0.02844657587600057,
        0.9932038574297474,
        0.11285730237036047,
        0.0,
        0.1622883853029926,
        -0.11599395391786975,
        0.9799019760416072,
        0.0,
        -7.3580106452197924e-09,
        0.13129910826683044,
        7.301091642375468e-08,
        1.0
      ],
      "name": "spine.005_9"
    },
    {
      "children": [
        14,
        16,
        18,
        20
      ],
      "matrix": [
        0.9996740169993646,
        0.005533291833547244,
        0.024924735060553514,
        0.0,
        -0.007251832914062501,
        0.9975629949388031,
        0.06939539225845821,
        0.0,
        -0.024480002561304292,
        -0.06955350397149639,
        0.9972776950986725,
        0.0,
        1.6895279841833144e-08,
        0.16495633125305176,
        2.6711884260066654e-08,
        1.0
      ],
      "name": "spine.006_8"
    },
    {
      "children": [
        15
      ],
      "matrix": [
        0.9999999999999978,
        -6.9416761852631045e-09,
        -6.583848525045279e-08,
        0.0,
        -8.945083503851158e-09,
        0.9712007831153054,
        -0.2382625419074879,
        0.0,
        6.55963298473647e-08,
        0.23826254190748797,
        0.9712007831153032,
        0.0,
        1.043081283569336e-07,
        -5.0788679122924805,
        1.3402155637741089,
        1.0
      ],
      "name": "Body.003_4"
    },
    {
      "mesh": 2,
      "name": "Object_15"
    },
    {
      "children": [
        17
      ],
      "matrix": [
        0.9999999999999978,
        -6.9416761852631045e-09,
        -6.583848525045279e-08,
        0.0,
        -8.945083503851158e-09,
        0.9712007831153054,
        -0.2382625419074879,
        0.0,
        6.55963298473647e-08,
        0.23826254190748797,
        0.9712007831153032,
        0.0,
        1.043081283569336e-07,
        -5.0788679122924805,
        1.3402155637741089,
        1.0
      ],
      "name": "Body.004_5"
    },
    {
      "mesh": 3,
      "name": "Object_17"
    },
    {
      "children": [
        19
      ],
      "matrix": [
        0.9999999999999978,
        -6.9416761852631045e-09,
        -6.583848525045279e-08,
        0.0,
        -8.945083503851158e-09,
        0.9712007831153054,
        -0.2382625419074879,
        0.0,
        6.55963298473647e-08,
        0.23826254190748797,
        0.9712007831153032,
        0.0,
        1.043081283569336e-07,
        -5.0788679122924805,
        1.3402155637741089,
        1.0
      ],
      "name": "Body.005_6"
    },
    {
      "mesh": 4,
      "name": "Object_19"
    },
    {
      "children": [
        21
      ],
      "matrix": [
        0.9999999999999978,
        -6.9416761852631045e-09,
        -6.583848525045279e-08,
        0.0,
        -8.945083503851158e-09,
        0.9712007831153054,
        -0.2382625419074879,
        0.0,
        6.55963298473647e-08,
        0.23826254190748797,
        0.9712007831153032,
        0.0,
        1.043081283569336e-07,
        -5.0788679122924805,
        1.3402155637741089,
        1.0
      ],
      "name": "Body.006_7"
    },
    {
      "mesh": 5,
      "name": "Object_21"
    },
    {
      "children": [
        23
      ],
      "matrix": [
        1.0,
        -1.6022175482122542e-09,
        1.2481761679128316e-09,
        0.0,
        1.749516932984383e-09,
        0.9916855899287309,
        -0.1286844618736272,
        0.0,
        -1.0316178164154426e-09,
        0.1286844618736272,
        0.9916855899287309,
        0.0,
        0.35395851731300354,
        0.6403502821922302,
        0.194303497672081,
        1.0
      ],
      "name": "spine.007_67"
    },
    {
      "children": [
        24
      ],
      "matrix": [
        1.0,
        0.0,
        0.0,
        0.0,
        -0.0,
        0.9924123945063908,
        -0.12295380933542317,
        0.0,
        0.0,
        0.12295380933542317,
        0.9924123945063908,
        0.0,
        -0.35395851731300354,
        -3.7613089084625244,
        0.29141613841056824,
        1.0
      ],
      "name": "Body.007_66"
    },
    {
      "mesh": 6,
      "name": "Object_24"
    },
    {
      "children": [
        26
      ],
      "matrix": [
        0.99999999999997,
        -3.4759882285321814e-08,
        -2.424482234963359e-07,
        0.0,
        3.2715260628720153e-09,
        0.9916855746202607,
        -0.12868457984577306,
        0.0,
        2.449054666810004e-07,
        0.1286845798457684,
        0.9916855746202312,
        0.0,
        -0.30888324975967407,
        0.6106290817260742,
        0.16507305204868317,
        1.0
      ],
      "name": "spine.008_69"
    },
    {
      "children": [
        27
      ],
      "matrix": [
        0.9999999999999716,
        -4.499608508431078e-15,
        2.3841866480655384e-07,
        0.0,
        2.9314462886653253e-08,
        0.9924124073071148,
        -0.12295370601529892,
        0.0,
        -2.366096405343766e-07,
        0.12295370601530242,
        0.9924124073070866,
        0.0,
        0.3088831603527069,
        -3.7355966567993164,
        0.32422786951065063,
        1.0
      ],
      "name": "Body.008_68"
    },
    {
      "mesh": 7,
      "name": "Object_27"
    },
    {
      "children": [
        29
      ],
      "matrix": [
        1.0,
        0.0,
        0.0,
        0.0,
        0.0,
        1.0,
        0.0,
        0.0,
        0.0,
        0.0,
        1.0,
        0.0,
        -0.5250794887542725,
        3.784736156463623,
        0.503139317035675,
        1.0
      ],
      "name": "Cube_84"
    },
    {
      "mesh": 8,
      "name": "Object_29"
    }
  ],
  "samplers": [
    {
      "magFilter": 9729,
      "minFilter": 9987,
      "wrapS": 10497,
      "wrapT": 10497
    }
  ],
  "scene": 0,
  "scenes": [
    {
      "name": "Sketchfab_Scene",
      "nodes": [
        0
      ]
    }
  ],
  "textures": [
    {
      "sampler": 0,
      "source": 0
    },
    {
      "sampler": 0,
      "source": 1
    },
    {
      "sampler": 0,
      "source": 2
    }
  ]
}
